p = zeros(3,2,3);
p(1,1,1)=0.45;
p(1,1,3)=0.55;
R(1,1)=-0.4;
